//四个玩家的开始报文
68
7A 68 6F 75 79 75 00 00 00 00 00 00 00 00 00 00 00 00 00 00 00 00 00 00 00 00 00 00 00 00
01 00
68
03
85 00
21 11
01 00
04
6A 69 6E 77 65 69 00 00 00 00 00 00 00 00 00 00 00 00 00 00 00 00 00 00 00 00 00 00 00 00
01 00
6B 69 6E 77 65 69 00 00 00 00 00 00 00 00 00 00 00 00 00 00 00 00 00 00 00 00 00 00 00 00
02 00
6C 69 6E 77 65 69 00 00 00 00 00 00 00 00 00 00 00 00 00 00 00 00 00 00 00 00 00 00 00 00
03 00
6D 69 6E 77 65 69 00 00 00 00 00 00 00 00 00 00 00 00 00 00 00 00 00 00 00 00 00 00 00 00
04 00
6C
16

68 7A 68 6F 75 79 75 00 00 00 00 00 00 00 00 00 00 00 00 00 00 00 00 00 00 00 00 00 00 00 00 01 00 68 03 85 00 21 11 01 00 04 6A 69 6E 77 65 69 00 00 00 00 00 00 00 00 00 00 00 00 00 00 00 00 00 00 00 00 00 00 00 00 01 00 6B 69 6E 77 65 69 00 00 00 00 00 00 00 00 00 00 00 00 00 00 00 00 00 00 00 00 00 00 00 00 02 00 6C 69 6E 77 65 69 00 00 00 00 00 00 00 00 00 00 00 00 00 00 00 00 00 00 00 00 00 00 00 00 03 00 6D 69 6E 77 65 69 00 00 00 00 00 00 00 00 00 00 00 00 00 00 00 00 00 00 00 00 00 00 00 00 04 00 6C 16


//四个玩家的动作指令,测试中每人出一个拳
68
7A 68 6F 75 79 75 00 00 00 00 00 00 00 00 00 00 00 00 00 00 00 00 00 00 00 00 00 00 00 00
01 00
68
02
0A 01
08 10
01 00
04
03
6A 69 6E 77 65 69 00 00 00 00 00 00 00 00 00 00 00 00 00 00 00 00 00 00 00 00 00 00 00 00
01 
03
01
00 00 00 00 00 00 00 00 00 00
01
00 00 00 00 00 00 00 00 00 00
01
00 00 00 00 00 00 00 00 00 00
6B 69 6E 77 65 69 00 00 00 00 00 00 00 00 00 00 00 00 00 00 00 00 00 00 00 00 00 00 00 00
02
03
01
00 00 00 00 00 00 00 00 00 00
01
00 00 00 00 00 00 00 00 00 00
01
00 00 00 00 00 00 00 00 00 00
6C 69 6E 77 65 69 00 00 00 00 00 00 00 00 00 00 00 00 00 00 00 00 00 00 00 00 00 00 00 00
03
03
01
00 00 00 00 00 00 00 00 00 00
01
00 00 00 00 00 00 00 00 00 00
01
00 00 00 00 00 00 00 00 00 00
6D 69 6E 77 65 69 00 00 00 00 00 00 00 00 00 00 00 00 00 00 00 00 00 00 00 00 00 00 00 00
04
03
01
00 00 00 00 00 00 00 00 00 00
01
00 00 00 00 00 00 00 00 00 00
01
00 00 00 00 00 00 00 00 00 00
e8
16

68 7A 68 6F 75 79 75 00 00 00 00 00 00 00 00 00 00 00 00 00 00 00 00 00 00 00 00 00 00 00 00 01 00 68 02 0A 01 08 10 01 00 04 03 6A 69 6E 77 65 69 00 00 00 00 00 00 00 00 00 00 00 00 00 00 00 00 00 00 00 00 00 00 00 00 01 03 01 00 00 00 00 00 00 00 00 00 00 01 00 00 00 00 00 00 00 00 00 00 01 00 00 00 00 00 00 00 00 00 00 6B 69 6E 77 65 69 00 00 00 00 00 00 00 00 00 00 00 00 00 00 00 00 00 00 00 00 00 00 00 00 02 03 01 00 00 00 00 00 00 00 00 00 00 01 00 00 00 00 00 00 00 00 00 00 01 00 00 00 00 00 00 00 00 00 00 6C 69 6E 77 65 69 00 00 00 00 00 00 00 00 00 00 00 00 00 00 00 00 00 00 00 00 00 00 00 00 03 03 01 00 00 00 00 00 00 00 00 00 00 01 00 00 00 00 00 00 00 00 00 00 01 00 00 00 00 00 00 00 00 00 00 6D 69 6E 77 65 69 00 00 00 00 00 00 00 00 00 00 00 00 00 00 00 00 00 00 00 00 00 00 00 00 04 03 01 00 00 00 00 00 00 00 00 00 00 01 00 00 00 00 00 00 00 00 00 00 01 00 00 00 00 00 00 00 00 00 00 F2 16

//